PTNUM PARC  COD_FORM   FORMULA ID_POINT          ID_PARC
06240 28973 03         PA 
06240 28974 03         PA 
06241 28961 03         PA 
06241 28962 03         PA 
06272 38024 03         PA 
06272 38025 03         PA 
06273 38033 03         PA 
06273 38034 03         PA 
07929 11641 03         PA 
07929 11642 03         PA 
07930 11643 03         PA 
07930 11644 03         PA 
07931 11645 03         PA 
07931 11646 03         PA 
07932 11647 03         PA 
07932 11648 03         PA 
07933 11649 03         PA 
07933 11650 03         PA 
07943 11645 01   CORRENTE 
07943 11646 01   CORRENTE 
07943 11651 01   CORRENTE 
07976 38587 03         PA 
07976 38588 03         PA 
07978 06939 03         PA 
07978 06940 03         PA 
80781 38576 03         PA 
80781 38577 03         PA 
80782 38580 03         PA 
80782 38581 03         PA 
81276 38563 03         PA 
81276 38564 03         PA 
81277 06942 03         PA 
81277 06943 03         PA 
81278 06952 03         PA 
81278 06953 03         PA 
